100234147361857085663
115617440272528960611
100319966847346241361
118310575228587011339
116982524012548907337
110192753583512472075
113151474928457373782
101268446570414181995
117339894440786081209
101614088281698609868
108761068322157454551
108050773330615990053
108838067702347792193
109423580648495363485
116819535957788291762
107693088910628578697
102250238890543807473
100655571171241474370
105637838854087360274
106455871338773368262
102427582108520673544
110232878841234247919
103052640878985176025
105583969448992694238
106654248900493220059
105319122969343600493
Sachu92
118248780487564729378
117759220441019725802
109738467074705325893
116649314406071941906
115989925191146583591
114127433536207075481
116640498019169403894
105153296347992843719
110884663023141651204
104734848980786482919
106738004980176452483
112191958401162734677
104550549099447981762
118248780487564729378
112211193004091388204
109459855245781380061
113610706147644801288
116695259839084114050
110246302387253972905
110111621925785506344
103414228551949951394
111517895076110337981
